144 166 25
144 166 25
144 166 25
144 166 25
144 166 25
144 166 25
144 166 25
144 166 25
146 168 25
146 168 25
146 168 25
146 168 25
146 168 25
145 167 25
146 168 25
146 168 25
148 170 25
148 170 25
148 170 25
148 170 25
148 169 25
146 169 25
148 170 25
148 170 25
151 172 25
151 172 25
151 172 25
149 173 25
150 171 25
148 170 25
151 172 25
151 172 25
153 174 25
153 174 25
153 174 25
151 175 25
152 172 25
149 171 25
153 174 25
153 174 25
155 176 25
155 176 25
155 176 25
153 177 25
154 174 25
150 172 25
155 176 25
155 176 25
157 178 25
157 178 25
157 178 25
155 179 25
156 175 25
151 174 25
162 184 25
162 184 25
160 181 25
160 181 25
160 181 25
156 181 25
158 177 25
152 175 25
157 177 25
157 177 25
162 183 25
162 183 25
162 183 25
158 183 25
157 178 25
153 176 25
157 177 25
157 177 25
164 185 25
164 185 25
164 185 25
160 186 25
158 177 25
155 177 25
154 178 25
154 178 25
161 189 25
161 189 25
161 189 25
162 188 25
158 177 25
156 179 25
156 178 25
156 178 25
168 193 25
168 193 25
168 193 25
163 190 25
158 177 25
157 180 25
160 182 25
160 182 25
177 196 25
177 196 25
177 196 25
165 192 25
159 180 25
159 179 25
160 180 25
160 180 25
175 194 25
175 194 25
175 194 25
168 193 25
163 187 25
166 188 25
165 185 25
165 185 25
187 203 25
187 203 25
187 203 25
172 194 25
166 188 25
169 190 25
164 184 25
164 184 25
179 202 25
179 202 25
179 202 25
175 195 25
168 189 25
172 192 25
170 191 25
170 191 25
191 207 25
191 207 25
191 207 25
177 196 25
170 190 25
175 194 25
172 189 25
172 189 25
195 209 25
195 209 25
195 209 25
179 198 25
171 191 25
170 189 25
173 191 25
173 191 25
182 206 25
182 206 25
182 206 25
181 199 25
175 193 25
175 193 25
177 195 25
177 195 25
204 216 25
204 216 25
204 216 25
182 201 25
178 195 25
180 197 25
181 198 25
181 198 25
187 206 25
187 206 25
187 206 25
184 202 25
188 205 25
179 197 25
185 201 25
185 201 25
214 223 25
214 223 25
214 223 25
186 204 25
188 204 25
183 200 25
181 199 25
181 199 25
199 214 25
199 214 25
199 214 25
188 205 25
189 204 25
186 202 25
187 203 25
187 203 25
207 219 25
207 219 25
207 219 25
190 207 25
189 203 25
190 205 25
191 207 25
191 207 25
215 224 25
215 224 25
215 224 25
192 208 25
196 209 25
195 210 25
197 211 25
197 211 25
223 229 25
223 229 25
223 229 25
194 210 25
202 215 25
212 220 25
202 215 25
202 215 25
219 226 25
219 226 25
219 226 25
196 211 25
209 219 25
202 214 25
199 212 25
199 212 25
215 223 25
215 223 25
215 223 25
197 213 25
210 219 25
192 207 25
200 213 25
200 213 25
210 221 25
210 221 25
210 221 25
199 214 25
209 219 25
208 217 25
213 222 25
213 222 25
206 218 25
206 218 25
206 218 25
201 216 25
209 219 25
224 227 25
219 224 25
219 224 25
202 215 25
202 215 25
202 215 25
203 217 25
213 222 25
218 224 25
224 229 25
224 229 25
223 229 25
223 229 25
223 229 25
216 225 25
227 232 25
223 227 25
230 234 25
230 234 25
244 243 25
244 243 25
244 243 25
229 233 25
241 241 25
227 230 25
236 239 25
236 239 25
236 237 25
236 237 25
236 237 25
235 237 25
241 241 25
227 230 25
230 233 25
230 233 25
227 231 25
227 231 25
227 231 25
241 241 25
241 240 25
234 235 25
224 226 25
224 226 25
219 225 25
219 225 25
219 225 25
247 242 25
242 240 25
241 239 25
248 247 25
248 247 25
255 234 25
255 234 25
255 234 25
253 249 25
241 240 25
241 239 25
244 241 25
244 241 25
255 243 25
255 243 25
255 243 25
255 250 25
241 240 25
240 239 25
246 243 25
246 243 25
255 252 24
255 252 24
255 252 24
255 248 24
252 248 25
255 252 25
255 247 25
255 247 25
255 246 23
255 246 23
255 246 23
255 246 23
255 246 24
255 250 24
255 247 25
255 247 25
255 239 21
255 239 21
255 239 21
255 244 23
255 242 23
255 248 24
255 248 25
255 248 25
255 238 21
255 238 21
255 238 21
255 243 22
255 243 23
255 246 24
255 247 24
255 247 24
255 236 20
255 236 20
255 236 20
255 241 22
255 243 23
255 244 24
255 245 24
255 245 24
255 231 20
255 231 20
255 231 20
255 239 21
255 243 23
255 238 22
255 243 23
255 243 23
255 231 19
255 231 19
255 231 19
255 237 20
255 243 23
255 245 23
255 241 22
255 241 22
255 230 18
255 230 18
255 230 18
255 235 20
255 236 21
255 235 21
255 244 23
255 244 23
255 227 17
255 227 17
255 227 17
255 233 19
255 236 21
255 242 23
255 244 23
255 244 23
255 223 17
255 223 17
255 223 17
255 231 19
255 234 20
255 231 20
255 244 23
255 244 23
255 220 16
255 220 16
255 220 16
255 229 18
255 231 19
255 233 21
255 237 22
255 237 22
255 221 17
255 221 17
255 221 17
255 227 18
255 231 19
255 229 20
255 239 22
255 239 22
255 221 18
255 221 18
255 221 18
255 226 18
255 227 19
255 225 18
255 238 22
255 238 22
255 220 17
255 220 17
255 220 17
255 224 17
255 223 18
255 216 17
255 224 18
255 224 18
255 211 13
255 211 13
255 211 13
255 222 17
255 221 17
255 229 20
255 227 19
255 227 19
255 204 12
255 204 12
255 204 12
255 220 16
255 216 16
255 219 16
255 222 19
255 222 19
255 201 11
255 201 11
255 201 11
255 218 16
255 211 14
255 218 16
255 216 18
255 216 18
255 209 15
255 209 15
255 209 15
255 216 15
255 204 13
255 217 16
255 210 16
255 210 16
255 208 15
255 208 15
255 208 15
255 214 15
255 206 14
255 216 16
255 205 15
255 205 15
255 207 15
255 207 15
255 207 15
255 212 14
255 208 14
255 216 16
255 199 14
255 199 14
255 206 14
255 206 14
255 206 14
255 210 14
255 206 13
255 215 16
255 209 17
255 209 17
255 205 14
255 205 14
255 205 14
255 209 13
255 205 13
255 214 16
255 202 15
255 202 15
255 204 14
255 204 14
255 204 14
255 207 13
255 203 13
255 213 16
255 195 13
255 195 13
255 202 13
255 202 13
255 202 13
255 205 12
255 200 12
255 212 15
255 204 14
255 204 14
255 193 10
255 193 10
255 193 10
255 203 12
255 198 11
255 211 15
255 196 13
255 196 13
255 192 11
255 192 11
255 192 11
255 201 11
255 200 11
255 210 15
255 206 12
255 206 12
255 185 10
255 185 10
255 185 10
255 199 11
255 206 12
255 209 15
255 201 12
255 201 12
255 178 07
255 178 07
255 178 07
255 197 11
255 197 12
255 209 15
255 204 11
255 204 11
255 171 05
255 171 05
255 171 05
255 195 10
255 178 12
255 208 15
255 195 11
255 195 11
255 164 02
255 164 02
255 164 02
255 193 10
255 165 09
255 207 15
255 197 11
255 197 11
255 157 00
255 157 00
255 157 00
255 192 09
255 167 09
255 206 15
255 198 10
255 198 10
255 157 00
255 157 00
255 157 00
255 190 09
255 233 15
255 205 15
255 198 10
255 198 10
255 204 14
255 204 14
255 204 14
255 207 13
255 203 13
255 213 16
255 195 13
255 195 13
255 202 13
255 202 13
255 202 13
255 205 12
255 200 12
255 212 15
255 204 14
255 204 14
255 193 10
255 193 10
255 193 10
255 203 12
255 198 11
255 211 15
255 196 13
255 196 13
255 192 11
255 192 11
255 192 11
255 201 11
255 200 11
255 210 15
255 206 12
255 206 12
255 185 10
255 185 10
255 185 10
255 199 11
255 206 12
255 209 15
255 201 12
255 201 12
255 178 07
255 178 07
255 178 07
255 197 11
255 197 12
255 209 15
255 204 11
255 204 11
255 171 05
255 171 05
255 171 05
255 195 10
255 178 12
255 208 15
255 195 11
255 195 11
255 164 02
255 164 02
255 164 02
255 193 10
255 165 09
255 207 15
255 197 11
255 197 11
255 157 00
255 157 00
255 157 00
255 192 09
255 167 09
255 206 15
255 198 10
255 198 10
255 157 00
255 157 00
255 157 00
255 190 09
255 233 15
255 205 15
255 198 10
255 198 10
144 166 25
144 166 25
144 166 25
144 166 25
144 166 25
144 166 25
144 166 25
144 166 25
146 168 25
146 168 25
146 168 25
146 168 25
146 168 25
145 167 25
146 168 25
146 168 25
148 170 25
148 170 25
148 170 25
148 170 25
148 169 25
146 169 25
148 170 25
148 170 25
151 172 25
151 172 25
151 172 25
149 173 25
150 171 25
148 170 25
151 172 25
151 172 25
153 174 25
153 174 25
153 174 25
151 175 25
152 172 25
149 171 25
153 174 25
153 174 25
155 176 25
155 176 25
155 176 25
153 177 25
154 174 25
150 172 25
155 176 25
155 176 25
157 178 25
157 178 25
157 178 25
155 179 25
156 175 25
151 174 25
162 184 25
162 184 25
160 181 25
160 181 25
160 181 25
156 181 25
158 177 25
152 175 25
157 177 25
157 177 25
162 183 25
162 183 25
162 183 25
158 183 25
157 178 25
153 176 25
157 177 25
157 177 25
144 166 25
164 185 25
164 185 25
164 185 25
160 186 25
158 177 25
155 177 25
154 178 25
154 178 25
144 166 25
144 166 25
144 166 25
144 166 25
144 166 25
144 166 25
144 166 25
146 168 25
146 168 25
146 168 25
146 168 25
146 168 25
145 167 25
146 168 25
146 168 25
148 170 25
148 170 25
148 170 25
148 170 25
148 169 25
146 169 25
148 170 25
148 170 25
151 172 25
151 172 25
151 172 25
149 173 25
150 171 25
148 170 25
151 172 25
151 172 25
153 174 25
153 174 25
153 174 25
151 175 25
152 172 25
149 171 25
153 174 25
153 174 25
155 176 25
155 176 25
155 176 25
153 177 25
154 174 25
150 172 25
155 176 25
155 176 25
157 178 25
157 178 25
157 178 25
155 179 25
156 175 25
151 174 25
162 184 25
162 184 25
160 181 25
160 181 25
160 181 25
156 181 25
158 177 25
152 175 25
157 177 25
157 177 25
162 183 25
162 183 25
162 183 25
158 183 25
157 178 25
153 176 25
157 177 25
157 177 25
164 185 25
164 185 25
164 185 25
160 186 25
158 177 25
155 177 25
154 178 25
154 178 25
255 231 19
255 231 19
255 231 19
255 237 20
255 243 23
255 245 23
255 241 22
255 241 22
255 228 18
255 228 18
255 228 18
255 234 20
255 239 22
255 241 22
255 238 22
255 238 22
255 225 18
255 225 18
255 225 18
255 230 19
255 234 21
255 238 22
255 235 21
255 235 21
255 222 17
255 222 17
255 222 17
255 227 18
255 230 19
255 234 21
255 233 20
255 233 20
255 219 17
255 219 17
255 219 17
255 223 17
255 225 18
255 231 20
255 230 20
255 230 20
255 216 16
255 216 16
255 216 16
255 220 16
255 221 17
255 227 19
255 227 19
255 227 19
255 213 16
255 213 16
255 213 16
255 217 15
255 216 16
255 224 18
255 219 18
255 219 18
255 210 15
255 210 15
255 210 15
255 213 15
255 212 15
255 220 17
255 211 16
255 211 16
255 207 14
255 207 14
255 207 14
255 210 14
255 207 14
255 216 16
255 203 15
255 203 15
255 204 14
255 204 14
255 204 14
255 207 13
255 203 13
255 213 16
255 195 13
255 195 13
255 231 19
255 231 19
255 231 19
255 237 20
255 243 23
255 245 23
255 241 22
255 241 22
255 222 17
255 222 17
255 222 17
255 232 19
255 242 22
255 241 22
255 235 21
255 235 21
255 214 15
255 214 15
255 214 15
255 226 18
255 241 21
255 236 21
255 228 20
255 228 20
255 206 12
255 206 12
255 206 12
255 221 17
255 240 20
255 232 20
255 222 19
255 222 19
255 198 10
255 198 10
255 198 10
255 216 15
255 239 19
255 227 19
255 215 18
255 215 18
255 190 08
255 190 08
255 190 08
255 211 14
255 237 18
255 223 18
255 209 17
255 209 17
255 182 06
255 182 06
255 182 06
255 205 13
255 236 18
255 218 17
255 206 15
255 206 15
255 173 04
255 173 04
255 173 04
255 200 11
255 235 17
255 214 17
255 204 14
255 204 14
255 165 02
255 165 02
255 165 02
255 195 10
255 234 16
255 209 16
255 201 12
255 201 12
255 157 00
255 157 00
255 157 00
255 190 09
255 233 15
255 205 15
255 198 10
255 198 10
255 204 14
255 204 14
255 204 14
255 207 13
255 203 13
255 213 16
255 195 13
255 195 13
255 202 13
255 202 13
255 202 13
255 205 12
255 200 12
255 212 15
255 204 14
255 204 14
255 193 10
255 193 10
255 193 10
255 203 12
255 198 11
255 211 15
255 196 13
255 196 13
255 192 11
255 192 11
255 192 11
255 201 11
255 200 11
255 210 15
255 206 12
255 206 12
255 185 10
255 185 10
255 185 10
255 199 11
255 206 12
255 209 15
255 201 12
255 201 12
255 178 07
255 178 07
255 178 07
255 197 11
255 197 12
255 209 15
255 204 11
255 204 11
255 171 05
255 171 05
255 171 05
255 195 10
255 178 12
255 208 15
255 195 11
255 195 11
255 164 02
255 164 02
255 164 02
255 193 10
255 165 09
255 207 15
255 197 11
255 197 11
255 157 00
255 157 00
255 157 00
255 192 09
255 167 09
255 206 15
255 198 10
255 198 10
255 157 00
255 157 00
255 157 00
255 190 09
255 233 15
255 205 15
255 198 10
255 198 10
155 178 25
159 181 25
168 189 25
179 197 25
192 207 25
207 218 25
224 230 25
243 243 25
255 247 24
255 239 22
155 178 25
159 181 25
168 189 25
179 197 25
192 207 25
207 218 25
224 230 25
243 243 25
255 247 24
255 239 22
155 178 25
159 181 25
168 189 25
179 197 25
192 207 25
207 218 25
224 230 25
243 243 25
255 247 24
255 239 22
155 178 25
159 181 25
168 189 25
179 197 25
192 207 25
207 218 25
224 230 25
243 243 25
255 247 24
255 239 22
155 178 25
159 181 25
168 189 25
179 197 25
192 207 25
207 218 25
224 230 25
243 243 25
255 247 24
255 239 22
155 178 25
159 181 25
168 189 25
179 197 25
192 207 25
207 218 25
224 230 25
243 243 25
255 247 24
255 239 22